%            N1             N2             U1             U2             T1             T2         random 
 0.06012586212   -8.299951476   0.7414846811    5.588364979 -0.01082302673   -2.876942257   0.9413900906 
   -1.78502314    -3.21605678   0.1075280385    4.269460249   0.1961153573   -3.695859739   0.2184632114 
  -0.742890309   -6.026171211  0.04227824151    3.194849295  -0.1661005479   -5.183005427   0.3396555135 
 -0.0235304058   -11.46977459   0.3896178001     3.50298512    0.345542845   -4.882443197   0.6242863771 
  0.8011241903   -9.151429289   0.7018912543    5.656309299  -0.7412177871    -2.39611403   0.3394779944 
 -0.4386931786   -10.35439665   0.8402492425    5.322133703   0.6733287746   -3.876709062   0.4627528739 
 -0.3844280766   -5.787460762   0.2027576958    4.161461612 -0.06015999636   -3.549997488   0.3695807452 
  0.1357848988   -3.115479289    0.143236756    3.297304997  -0.3421864319   -4.823991502   0.5216323761 
  -1.040209538    -5.60523735   0.2616314233    4.819902839   0.1121654693   -3.195992305   0.6584374819 
  -1.215352725   -3.300719721   0.1283795424    3.630848483   0.2230284997   -5.069752528   0.8137794225 
   2.144785088   -4.323441138   0.8801460087    3.265283223  -0.1424981947   -6.421647848  0.07054967696 
 -0.7902704302   -8.374057277  0.08768683746    3.801470379 -0.04513204562   -3.505168924    0.912841731 
 -0.3971157863   -7.794731477   0.5250676627    5.534094271   0.2680608257   -2.151504604   0.3479283489 
   1.702949106   -11.13243745   0.8442510192    5.675923371  -0.8510599673   -2.255287288   0.1311428807 
  -1.409313962   -5.293020154  0.09016360614    3.485050276   0.4652196675   -4.502332989   0.1898913281 
    2.47712508   -10.17557241   0.6910387901    3.456384222  -0.6668066841   -4.472760822   0.1254370271 
 -0.1592521148   -8.133174752   0.6074756201    5.155639182  -0.3054151514   -3.854971144   0.8699793918 
  -1.253769331   -1.698202276  0.08946912207    3.885213102   0.1870090742   -3.562866335   0.1606114219 
-0.07975561166   -6.414608112   0.3260906528    4.385953029   -0.255084541   -3.638752218   0.7265892309 
   0.999051193   -6.327299323   0.9307874901    5.318719357  -0.2526027317   -3.985646281   0.4422381298 
-0.05435055136   -1.805604569   0.5106723719    3.889029951   0.0702178265    -5.33620392    0.953207392 
  0.4080637341   -8.654791478   0.7996458909    4.775569627   -0.182504206   -4.726907067  0.03533449731 
  0.1972067539   -7.027481538   0.8471658724    3.894877752   0.6029271268   -6.399580885   0.7233666231 
 -0.1146814338   -9.488560326   0.3870533186    3.943122023  -0.2862123109   -5.164899423   0.2091072193 
  -1.092586839   -6.540153768   0.4449980565    5.064183846   0.7383409292   -3.171411403   0.4509457784 
  0.5066590465  -0.8881602306   0.8067422316     5.05946713   -0.149628603   -4.040353383   0.6711648303 
 -0.5118256952   -2.158251702   0.4302691991    5.038141728   0.3481722897   -2.783999841   0.4707383162 
  -1.492969264   -5.625959365  0.01316592843    3.374694325  -0.3640925065    -3.95088889   0.0199224203 
  0.3961202647   -4.743495733   0.2459062999    3.314748415  -0.1478647888   -4.956270236   0.6233364121 
   1.104916138   -7.363146602   0.9566172946    5.549766586   0.2468097148   -3.006538646   0.4259680273 
  -0.271354886   -4.881992723  0.05714624663    3.098458278  -0.2473066761   -5.599289541   0.5994093899 
 -0.9685541501   -9.352682692   0.7697018182     5.52691488   0.3763149329   -4.326988289 0.000980799288 
   1.479557441   -3.154933975   0.7168301162    5.112954645  -0.6021944754   -2.616266865   0.9168048729 
  0.2607580143   -0.485365434   0.8520371764    5.576534378 0.006736957739   -3.347137636   0.8597652288 
  -1.421977818   -7.187466622 0.003595953524    3.179977187   -0.151496348   -3.897189383   0.8099318862 
  0.0706013081   -4.137747295   0.5189321303      5.8046013  -0.6252947573    -1.88771218   0.9051759213 
  -1.364083508   -8.158757263  0.09617765838    3.968927391  -0.2752673057   -4.601270686  0.08340175344 
  -1.079694374   -7.233295282   0.5881850632    5.914046963   0.3527203984   -1.826277234   0.6361176577 
   2.024193883   -2.018006926   0.8950591452     4.47936732  -0.4554951717   -4.021875414    0.279250957 
 -0.8599169782    -4.12633556   0.2521124387     3.57010068   0.3362084638   -5.429525359   0.5066632751 
   1.178207206   -5.728560365   0.9128241317    5.688393753  -0.4774106108   -2.651706916   0.6626375905 
 0.09743855945   -5.760174515   0.7899415783    5.461482566   0.4627631298   -2.891750439   0.1834533485 
  0.5615474304   -2.489913086   0.8542678595    5.701042528  -0.1046663678   -2.540038849   0.3624390278 
  -1.605285389   -4.283209553    0.119860341    4.918995942   0.7541027286   -2.014215821   0.1275226151 
   1.171443448   -2.326348664   0.9320097277    5.109176067  -0.1897859284   -4.318148892   0.2275094205 
  -1.138430392      -6.306533   0.4680823241    5.800294396    0.725160232   -1.658995749   0.9644127079 
  -1.366518371   -5.458702808   0.4433246953    5.312823597   0.6681425358   -2.978108858   0.2933435717 
  0.3627459813   -9.058732974    0.239144532    3.430834579  -0.4894119444   -4.780420577   0.1519610731 
 -0.7856565133   -7.013925787  0.05034970086    3.089495413  -0.2316386752    -6.82651827   0.1769153002 
 -0.8197364253   -8.120221214   0.3512866923    4.485256807   0.5557006049   -3.433523488  0.06197878934 
  -1.293364077    -5.86029144   0.4882680106    3.980473571   0.8268569302   -5.780249147   0.9753936874 
   1.158363805   -10.06023993   0.8129912078    4.416869183 -0.002755876368   -4.367614435   0.5157907336 
  -1.586390383   -6.818576825  0.02415109935    3.862177527  -0.1855723866   -3.221942057   0.2368230586 
  -1.876783018   -3.863558941  0.02081619615    3.093317967   0.2430467655   -5.838433436   0.4704242546 
  -1.912924239   -7.340750059   0.1098815688    3.649644357   0.6886437698   -4.997659285   0.8455882408 
  0.7511021594   -7.219880648   0.7792840604    5.777770996  -0.6094562262   -2.195824142 0.009615642956 
  0.7648995307   -7.474418815   0.7873356232    5.283222599 0.001129355598   -3.042069485   0.5092789922 
  0.2430830638   -5.084206026   0.4643899124    5.270422916 -0.07769155655   -2.144903352   0.4251269602 
  0.4131226727   -6.200619162   0.8055943955    3.626613845   0.4515796568   -6.593256246   0.3775483991 
  0.8154605575   -7.885759194   0.4216831322    4.763919339  -0.6599245705   -2.642526736    0.383971218 
  0.6024906002   -3.954475869   0.5712641086    5.160467481  -0.3283646167   -2.441690961   0.9529900093 
 -0.1546984607   -5.245890735  0.03841876189       3.406243  -0.6438955016   -3.467631969   0.2557529698 
   1.560985362    -6.26156244   0.8681035426    3.737647856  0.01458528474   -5.719348696   0.3092533907 
   0.309492915   -6.361151079   0.2126762782    3.464148533  -0.5135777125   -4.636093635   0.4666977966 
   1.107704479   -7.631529117   0.9512272899    5.600011502   0.3714202635   -2.609803564   0.4052999935 
 -0.2602077014   -5.592585286   0.8000390595    5.923730628   0.2062606772   -1.964719428   0.4541095587 
   1.524415281   -7.138818454   0.5739307688    3.262941098 -0.03365823563   -5.207391302   0.0394634649 
   1.432514015   -6.886233125   0.6624017304     3.77400954  -0.2637815413   -4.565393861   0.1311606391 
  0.4377589341   -3.011091541   0.4329014876    3.083303092   0.4441781906     -7.1863352   0.2112543154 
   2.284927175   -2.447867599   0.5141752476    3.191403193  -0.6337875447   -5.379779069   0.9295376352 
   1.372654072   -7.152573205   0.8642681506    5.346315448  -0.5638923971   -3.182713547  0.07340120729 
 -0.6994571132   -4.186929037   0.2897359453    4.892229608  -0.1768321061   -3.229520963    0.221933216 
 -0.6128865567   -4.004784479   0.3738010524    4.091416752  0.03109865853   -4.828616124   0.4213020925 
  0.6684537657   -3.299033929   0.9414344249    5.762540011   0.2105484043   -2.984392714   0.1628788025 
   -0.71086294   -6.444401318  0.06915442469    3.032657909   0.1128398967   -7.362213006    0.292733229 
  -0.454715173   -3.619538576   0.4784336706    4.678752908   0.2131130759   -3.826884261   0.8374250722 
   0.841871027  -0.5883200601   0.8382541477    4.685536093   0.1558001323   -3.848546384    0.902543708 
  0.1637140225    -7.87506294   0.6982793478    4.997835959   0.1376958293   -3.462703893   0.6870619374 
  -0.503793844   -1.846730237   0.3237179664    5.230924439  -0.2978007305   -2.696893998   0.1223988035 
   1.793261106   -7.104747442   0.9971020439    5.747203871 -0.02806992485   -4.004456388    0.966741691 
 -0.9225005517    -12.3665739   0.4845536047     5.12883782   0.3154810526   -3.732065501   0.7285886941 
  0.3521175804    -8.44031907   0.7283104736     5.56637434  -0.4368211308   -2.893211859    0.845729605 
-0.02660844238   -8.044263627   0.6255438379    4.432521231   0.4827121063    -3.72376762   0.5816114109 
 -0.9589126459   -6.388656296  0.06558850766    3.598900073 -0.09674317024   -4.334824471   0.1993011034 
  0.1415643352   -6.112140578   0.4874380117    4.793032232   0.1519451382    -2.75999509   0.2716687843 
 -0.7741211619   -7.999428017   0.1995566011    3.304606011   0.0603552171   -6.619585021   0.9956568613 
  0.4634189437   -9.513352735   0.5576510618    4.108743093    0.264491756   -3.887638563   0.9380007318 
  0.8103488352   -7.209900531   0.6480706242    3.692966121 -0.03033358402   -5.627680353   0.0913039818 
  -1.848558271   -5.433901929   0.1235406476    3.807155755   0.4573030254    -4.94446795  0.02967425933 
 -0.1909312825   -11.02813171   0.6775115406    4.046020232  0.08951195659   -6.331344589   0.6309501191 
   1.552515034    -5.02909364   0.2870426634    3.378358665  -0.9693918659    -4.99294061   0.9064282129 
 -0.2770466636   -7.450368476   0.2702501577     3.31958021   0.4195195604   -5.529462058      0.7911464 
  0.7322352471     -9.5942999   0.6118867272    4.178853756 -0.04234642807   -4.064114644   0.6541174836 
  0.5198593778    1.292418657   0.9525797352    5.606730623  0.05196961633    -4.07520128   0.3405958716 
 -0.1055253102   -6.519129063   0.5371829201    5.002621312   0.1448366813   -3.107399231   0.8381731785 
  0.7113840977   -8.091083638   0.6644680538    3.506192314  -0.4051241086   -6.795700817  0.03100944741 
   1.399122844   -6.742003755   0.9869114254    5.658069888   0.1202566211   -3.092260765   0.9162888497 
  0.5005666883   -6.129668575   0.5173301291    4.386891028  -0.1995636269   -3.671479603  0.07261506432 
  0.6779072891   -4.698775241   0.6091743477    3.224143111  0.03327373189   -7.160327879  0.07835883194 
 -0.1392449316   -4.517421366   0.7347074952    5.443204193   0.4404386408   -2.837903089   0.2362433465 
 -0.5999756151   -6.274172118   0.6668398936    5.199690192 -0.02205200722   -4.437977887   0.7640903534 
  0.5512437175   -8.541029516   0.8903715236    5.712539241   0.5118828689   -2.230622553   0.4332173212 
 0.03353473233    -6.43936164   0.2317048887    3.702057261   0.1513674668   -3.616141945   0.1314114477 
  0.4707788559   -7.852702404    0.815329519    3.487150944   0.3300062168   -7.249169938   0.9895554139 
  0.9341322956   -2.122364742    0.165419606    3.203809717  -0.6258825536   -4.899675647    0.347856087 
  0.7340773299    -9.68683343   0.5621828384    3.048955401   0.1440154843   -7.554408303   0.5502111363 
 -0.2674603931   -10.76527967  0.07169878028    3.836087573  -0.1027608207   -2.705746541   0.7951239165 
 -0.5134102885   -5.964207678   0.2080848232    4.029497596  -0.2198610815   -4.381747496  0.07514024392 
  -0.734040843   -8.585226594   0.4967060789    4.404774596   0.5467619562   -4.449227497   0.5493832895 
  -0.425922611    -5.09064847  0.02734385521    3.068817138  -0.4908619112   -5.354049801   0.5590311674 
  -1.732969168   -5.267334248   0.2687648786    5.215404166   0.6335005682   -2.907632595   0.6913228458 
  -0.477175249     -5.1531829   0.6858610517    5.698953753    0.253364928   -2.325693524   0.3824998316 
 -0.9257197193   -6.834398807  0.08411491323    3.369167591  -0.2143754348    -5.49640599   0.2315130396 
 0.02402320663   -1.228749686   0.2244271828    3.696336038  -0.2099243652   -4.400872185   0.1589754812 
 -0.3198090416   -2.760794894   0.5448265257    4.933424712  -0.2830125983   -4.225272966    0.602131326 
   1.382507031   -4.712300788   0.4953467608    4.536268703  -0.7230547269   -2.727367418   0.8652118227 
  -1.013211948   -11.96276528   0.3195485001    4.426585488   0.5727998678   -3.677993981    0.976035253 
  0.2808494381   -7.744511428   0.6737507652    5.592161368  -0.2380566409   -2.412914873   0.5887249834 
  -0.199525831   -2.819911145   0.4503317475    4.500448686   0.1338031904   -3.454583388   0.8282900711 
   1.346425988   -7.369160924   0.5817863893     5.18803707  -0.4185623857   -1.941417444   0.2473142944 
  0.0606974705   -8.471765217   0.3820879781     5.49596277   -0.293703923   -1.928455038   0.8448783348 
  -1.029014948   -6.056647559   0.2842644876    4.531615825   0.4291304454   -3.609380027    0.635374407 
   1.070560064   -12.10828628   0.7080008558     4.56944511  -0.5905549109   -4.040013274   0.8112274323 
 -0.8356685805    -9.54682072   0.1776938678    4.833356332  -0.3736554787   -3.014788383   0.1810588695 
   1.317609488   -7.643724224   0.8188896752    3.991746982 -0.08024338526   -5.080139634   0.9575100485 
 -0.7306238166   -6.079068375   0.7578545226    5.710097826    0.508021715   -2.960564578   0.9764683502 
-0.06354236986   -6.957601568   0.5339822499    5.827000708  -0.4154973585   -1.905156804   0.6240770948 
 -0.6499967835   -7.940460949   0.7717087192     5.41820267   0.6799921034   -3.247059462   0.3282078521 
 -0.3249269502   -5.907339604  0.07214240853    3.060519822  -0.1086859061   -6.118276139    0.696809877 
   -0.40258396   -9.094349302   0.1512845738    4.508270334  -0.7609764938   -3.332627907   0.5005431069 
  0.6158283077   -1.094905869   0.5223676832    5.259933587  -0.6192468495   -2.465012004   0.8340500888 
   0.341935583   -8.500601013   0.2951522759    3.913455274  -0.5203748648   -4.199599994   0.3139057878 
  0.3325193685    -6.72139126   0.6024887814    4.559193059  -0.1313765136   -3.941993896   0.6282691322 
 0.07542582864    -5.74300683   0.5490436949    5.007497698  -0.5821336262   -3.859532446   0.2982871978 
  0.8913425199   -4.550682273   0.6797283347    4.612090335   0.2079788723   -2.864174743   0.1251153704 
   1.040100027   -6.900304398   0.9480322514    4.846614953  -0.1409532403   -5.545930344   0.3667907609 
 -0.1943391928   -6.041534301   0.6542566299    5.087154705   0.4100257566   -3.291000826 0.002922472179 
  -1.081520642    -9.34973758    0.130058793    3.655873035  -0.1948703967   -5.447634643   0.7939514334 
  0.5301457576   -8.982345771   0.9056173652    5.584586619  -0.4112633541   -3.804794086   0.5073773241 
  0.6205265116   -5.786039703   0.8599185365    5.399923194 0.003806807967   -3.359008689   0.5380323474 
  0.7004833524   -6.226141156   0.8439469503    5.209810858 -0.05753100919   -3.592552373   0.7217161294 
  0.4544886258   -8.243393336   0.6942088261    4.513085995  0.05072378929   -4.211805026   0.7161531642 
  0.9473356339   -4.489955428   0.7965658054    4.024200237  -0.5996503565    -6.46166681   0.1520347963 
  -1.318121344   -3.476709993  0.02955793739    3.787815671   0.3427065039   -2.548116251   0.5056344685 
  0.8561872358   -8.199268208   0.7818211285      5.1791706 -0.05196234669   -3.134979571   0.9186122572 
  0.2259426393   -7.417432997   0.6696790671    4.353299747  0.06301381982   -4.734417893  0.07261873018 
  0.1024821612   -6.152965302   0.5036425091    4.114135603  -0.3860635834   -5.258388952   0.9742403438 
  -1.390775842   -2.948048762   0.1602386051    4.308767213 -0.08245438682   -4.423068596   0.7447635067 
  0.2697235539   -3.177070995   0.7224084983    4.377684823 -0.007836608475   -5.162223593   0.9174368874 
 -0.8684383241   -6.639824395   0.1335845437    3.433205863   0.2189059438   -4.874321419  0.02376920987 
 -0.5264870003   -5.064611256   0.1391546101    3.330442705  -0.1544407836   -5.611179981   0.8575480349 
 0.08459091395   -4.385981944   0.3596033004    3.822337994  -0.1112527754   -4.588269453   0.9250702496 
    0.96286399   -7.582387024   0.7071302802     4.04137812   -0.299526932    -5.04011073   0.4855002838 
   1.986226401   -6.455624031   0.7621696687    3.156002721  -0.2458546605   -6.628949101   0.3421319883 
  0.1784805003    -4.91486666   0.3606394004    4.813648889  -0.2603641439   -2.627320071   0.6731797495 
 -0.8495194862   -9.209425739   0.5044200572    4.881946285   0.8162066184   -3.074418032   0.8137685284 
  0.3768657654   -7.963874635    0.738921193    4.216359059   0.5498901869   -4.512832545   0.2394747217 
  0.5958606219   -2.571502008   0.4140701242    3.148322273  -0.0732033643   -6.948114965   0.1565166094 
  -1.988222283  -0.6874660922 0.008974455501    3.039169409   0.4309572207   -6.454966583   0.6223390313 
  -1.478006462   -6.471961281   0.3364670491    5.416118692   0.3158996218   -2.884309818  0.06107516219 
   1.315313411   -2.736136264   0.9269743651    5.386364968  -0.3266158065   -3.540410293   0.2800375282 
 -0.3630303079   -10.44844056    0.232150624     3.54275794  0.04844501731   -5.053081372   0.2033891273 
0.005280871361   -6.756754451   0.3681019802    4.967411407  -0.4499749178   -2.804842832   0.9278295516 
0.001587960464   -3.399775969   0.5002786982    5.248929758  -0.5487714445   -3.160162324   0.1658199414 
   1.706689956   -6.507410362   0.4903295176    3.941641373  -0.7312438102   -3.571013423   0.8933160588 
  0.6408446813   -3.917744149    0.760129937    3.989153257   0.1804386749   -5.289187406   0.9230846538 
  -0.629658591   -3.856164392   0.4538626202    5.730884772  -0.1001542648   -2.118280351   0.7634800634 
  0.9425303477   -8.955723943   0.8322318194    4.148181058   0.5634544016   -4.295203827   0.1941806292 
  0.6946475589   -9.958941301   0.8349877407    3.557585952   0.4975966399   -6.695078761  0.09854977013 
  0.6660732284   -7.273189242   0.7443174627    5.870562049  -0.1748925703   -1.550695812   0.2055513947 
 -0.8929136845   -7.593563022   0.1527672019    4.172470223  0.09721578874   -3.498833964   0.4525087646 
   1.202311241    -5.25221805   0.9663324757    5.882112563  -0.3220346653   -2.564295419   0.1068481453 
 0.04928907414   -7.577264117   0.5903971449    5.789910314 -0.06939046472   -1.684050749   0.3226038534 
   1.137135476   -9.797390022   0.5614388234    4.947393832  -0.6851442487   -2.588649435   0.5406986529 
 -0.2036205757   -3.254207835  0.07580488742    3.240482211  -0.3184656888   -4.488004604    0.622197626 
  0.1964995759    -4.78258678    0.538900569    4.617444265 -0.02517016402   -3.543113074   0.7773365074 
 -0.9429205939   -5.890163406   0.1812951123    5.241928144  -0.3363418728   -2.427383366   0.4103654949 
  0.5720894437   -8.323733525   0.9229061859    5.456256442   0.3999849978   -3.486986466   0.9889356925 
 -0.1232378442   -4.242817305   0.7761620215    4.341794046   0.6591755831   -5.126597254  0.09084142042 
   0.149651269   -8.877172628   0.5078387748    5.013056511  -0.2387043971   -3.144436413   0.3225409173 
  0.2521998946    -5.93995457   0.7428265715    4.525347099   0.2322141193   -4.529742719   0.7795035871 
  -1.201411601   -5.378669904   0.1599388944    4.303834013   0.3612820759   -3.206889392   0.2480557852 
  0.5119633092   -5.128718167   0.3855269151    3.306845924   0.1261082665   -5.306369474   0.6456168758 
   1.055079826   -6.691497961   0.6445338117    4.661807743  -0.1621570191   -2.849609509  0.09716330002 
 -0.0653274739    -3.90438233   0.5558210944    4.289763259 -0.08536728578   -4.764157665    0.904671334 
  0.3745305117   -6.652498378   0.6152319144     4.86671787 -0.01905496124   -3.280287166  0.07837814141 
-0.09511625941   -3.650347188   0.9843845361     5.87880333   0.8717827195   -3.119518266  0.04059850473 
   0.474733952     -8.1848394    0.749587086    4.455625864 -0.06621821611   -5.062169899  0.07499545249 
  -1.347420123   -9.878866875   0.1417571754    5.121463122   0.2225932237   -2.347802342   0.6300204811 
  -1.161076461   -3.442781214   0.1151488146    3.675479269  0.07632946656   -4.691366429   0.4071330239 
 -0.2426769772   -5.709860861   0.1674776971    4.414544043   0.1295729064   -2.241169044  0.09003287882 
  0.7716674614   -8.334543119   0.5751922467    4.646024192  -0.7083292949   -3.788345216   0.5602876477 
  0.9295500078   -4.949379166   0.6190485125    3.277112127   -0.311450789   -6.849912947   0.8220489502 
  0.2650574791    -9.75464246   0.3414842999    3.620420952  -0.3651193312   -5.264840377   0.8450502622 
   2.234738961   -3.979232517   0.7824376043    3.534350857  -0.7879451574   -5.744891114   0.6062999145 
 -0.2963111556   -2.264879729   0.4285613516    5.267591317  -0.4641428851   -3.045148815   0.0295504263 
   1.945715052   -6.846668875   0.8085636387    4.836751119  -0.6918663299    -3.05271442   0.3281105782 
  0.6444187427   -7.126006957   0.1836272769    4.166974373  -0.8375356786   -3.017970021    0.462625741 
   1.298469979   -7.929127493   0.5993113507    3.443040296  -0.1844075031   -5.187600095   0.4737872401 
  0.2989018552   -4.398921029   0.3783104541    4.239553424  -0.1797203406   -3.482274514   0.8518041675 
  0.3129833018   -1.425341987   0.7379491655    3.468313077   0.5780025097   -6.306354004   0.1690045501 
 -0.4301678458   -7.167934756    0.362841946    5.551830764 -0.00482820151   -1.862823503   0.2775589584 
   1.125259791    -2.92145862   0.6754973113    3.408335964 -0.06395214248     -5.8585549   0.6273050436 
   1.468712146   -7.034333133   0.9883660764    5.907091252  -0.1270638146   -2.469504146   0.8852400451 
  -3.405463097   -5.979438822  0.01777279651    4.372603713   0.5821518604   -2.560546028   0.5382007095 
 -0.3907213009   -3.019811275   0.2921365181    4.708719812  -0.2049790061   -3.097942071  0.06772763178 
 -0.7005231771   -8.891378494   0.3900625433    4.784026192  -0.4988672275   -4.555547541  0.07613443043 
 -0.5684714058   -4.466998589   0.7900444877    5.946621731   0.3877714877   -1.841078531   0.9497157781 
   1.188831087   -4.177318067   0.6014584456    4.795700767  -0.7124373109   -3.057456102   0.7263319845 
-0.08118172624   -8.845275031   0.5436554031     3.71836113  -0.1357325571   -6.364313451    0.781953106 
   1.879240735   -3.039111316   0.6463438723    3.911584702  -0.5709644148   -3.649863193   0.7105226812 
 -0.9133476963   -3.461986452   0.1918502202    5.139056501  0.03859232596   -2.406656991   0.1712520372 
  -1.216609251  -0.2420567528   0.3998581583    5.849602059  0.04150369551   -2.034360224   0.3279933878 
  0.8804807293   -7.461427022   0.9345311845    5.234742105  -0.1601137754   -4.490603052   0.9656476102 
 -0.8424246033   -8.524161345  0.06155953291     3.22964269   0.1839774169   -4.621475295   0.9745197884 
  0.1522898963   -4.656226939   0.6304093684    4.545403832   0.3091843287   -3.685442133   0.3276400839 
   1.492806196   -6.735248952   0.7664264405    4.333770491  -0.4403493422   -4.095150004   0.7352337662 
  0.7735892649   -10.09824938   0.6220598156    5.301438074  -0.6400332433    -2.63495236   0.4060573176 
 -0.6695915287   -3.836599051   0.9214266051     5.88955507   0.7629734541   -2.778270803   0.4114498112 
-0.008594634955   -7.080273138   0.4042433177    5.858205068  -0.3516394228    -1.30004525   0.8819085239 
 -0.3910021551   -6.292353996   0.5766144007    4.299364149  0.01100426532   -5.504580338   0.6466825598 
 -0.2091009232   -6.499101628   0.6290409766    4.623610669   0.2865710468   -4.147539728   0.3897942231 
 -0.2335618013   -5.424401216   0.5852977486    4.357686246   0.6619203888   -4.081300463   0.2598218381 
   0.542390911   -9.424044826   0.3065845301    4.448431588  -0.5740581313   -2.859252649  0.08966388844 
   0.379996253   -6.064589723   0.6978396994    3.564120032   0.1026294812   -6.529782645   0.6673951176 
 -0.6672732194   -7.904597636   0.5298190462    3.950887809   0.6421775694   -5.392211675    0.644341181 
   2.537916017   -3.084289144   0.8675126337    4.733683004  -0.8773337704   -3.124304838   0.5957174668 
  -1.435204933   -6.670212507   0.3098517263    3.751893107   0.5182099876   -6.248068656   0.9897776679 
   1.024563215   -7.066139391   0.6869022259    3.042800049   0.1358348688   -7.692942891   0.7108368806 
  0.2312487907   -5.185562687   0.4274525222    3.384259183   -0.320562892   -6.380064326   0.6548344245 
  0.7433469683   -5.847559765   0.7149866611    3.932067236   0.2669123416   -4.674838576   0.6069425295 
 -0.3646677668   -2.853468418  0.04808609298    3.059711673 -0.01272816399   -5.997007604   0.6975477482 
   1.751400592   -3.508256714   0.9777793674    5.722455522  -0.4071413471    -2.99927985   0.6912970714 
-0.03703197722   -5.661595005   0.2147839022     3.83339772  -0.2062515695    -4.08465572   0.4595345731 
 -0.2144454707   -9.998871064   0.5478385982    5.428903066   0.4756004163   -2.100395232  0.03250386491 
-0.04038237767   -10.14149729   0.2468756014    4.700745152  -0.5335408261   -2.832414032   0.7467163997 
   1.029977053   -4.408569299   0.1973785603    3.105368622    -0.49420995   -5.475173586   0.6306396643 
  0.3439932567  -0.8295508938   0.7193924405    5.838194143   0.4272581494   -1.404221738   0.9625373129 
   1.592749265    -4.59246716    0.945995827    5.972659537 -0.04924543473   -1.272305282   0.5015419682 
  0.4568695976   -8.720084821   0.6168203349    3.516378767  0.02462203218    -6.10100445   0.1745806772 
  0.9174994527   -6.931130221   0.7743295829    4.978620625   0.3306908463   -2.706888162   0.6288485651 
  -1.237410346   -4.861388832   0.4176570612     4.85292811   0.2346365829   -4.296864392  0.09720845956 
  0.2393738335   -8.350688304   0.3487061468      3.8443662  -0.2778265676   -4.391068654   0.8653398176 
-0.01398754854    -4.63485357  0.08177280549    3.362480758  -0.4013503955   -3.761914531   0.4501101774 
 -0.4982805497   -4.938813393   0.7599762311    5.825827638  0.08415843819   -2.481903024   0.8853336078 
 -0.2449422784    -5.32624961   0.1448314786    4.862051005  0.02174442225   -1.707724477    0.804173752 
  0.9555427396   -6.948726949   0.9146199567    4.347232529   0.0781883143   -5.729063364   0.4997546006 
   -1.06664369   -2.407980065  0.08326581875    3.284871928  -0.0543825191   -5.705373124   0.3692321364 
  0.6815193233   -6.206149118    0.983870721    5.995737281 -0.03647850294    -1.57703181   0.7385754331 
   1.667981855   -4.110483248   0.7261964716    3.414691952  -0.8071368625   -6.491835964   0.4682484996 
 -0.3009427322   -3.686217514     0.63223698    5.900638923  -0.1132304888   -1.719341819   0.9750873742 
  -1.545887656   -7.716810026   0.3356058042    5.482691665   0.7066908081    -2.20715657   0.9753860729 
 -0.4842911061   -6.766899334   0.2275617501    3.772541194   -0.146006726   -4.609526961   0.1650821578 
 0.01254792415   -9.808833823   0.3649514119    4.439135831  -0.2589515604   -3.527442475   0.9456434057 
  0.1737199133   -7.609882815   0.8272415064    4.781672873   0.5968962192   -4.230890101   0.9939079047 
  0.4305140295   -5.917859241   0.8515650696    5.635429845  0.09182294192   -2.669577488  0.07943507088 
  -2.691276752   -7.293559703  0.01114203042    3.346033348    0.489897921   -4.625483421   0.7888552738 
 0.08944056151    -4.95595399   0.5976790505    3.549156908  0.05482311209   -6.508464329    0.641612853 
  0.6107391992    -8.82365688   0.9602118702     5.04562635   0.2446831349   -5.457421752   0.8847085342 
  0.6341213299    -4.82346285   0.7217988544    3.515792989   0.3827798673   -6.034760683   0.2140445723 
 0.02984045423    -6.00750319   0.8296041524    4.810579592   0.4061957754   -4.814008705   0.6171209642 
    2.07995591   -2.086811689   0.7736939666    5.809258617  -0.8714769718   -1.336681102   0.9047142937 
   -0.25828712   -5.383268555   0.4753277142    4.467977566  0.02368889388   -4.284702558   0.2398961436 
  0.3555399286   -10.23631665     0.62021043    3.868716261 0.005948275176   -5.570037939   0.3524832494 
 0.04303005397   -6.213778061   0.4467456543     4.47141921  -0.4472883132   -4.192158867   0.1627288747 
  0.2741757821   -6.554245217   0.9174010796    4.283920036   0.1223947337   -6.890427916  0.05763059753 
  -1.395322867   -10.90264667  0.05920157419    4.858672093   0.4233446824   -1.875719459   0.6326387002 
  -0.538539105   -4.046573601   0.4610790861    4.633248275   0.3050143605   -3.663166818   0.5165598586 
   1.623704735   -6.319954426   0.9653397162    5.075121772   -0.224314922   -4.163598004   0.9520704173 
  -1.806399287   -6.021669209    0.237480191    5.381165779   0.2573505195   -2.946573126    0.420261778 
  -1.109369514   -7.687808822   0.1884925501    3.965181635   0.4931611599   -4.456352564    0.368995602 
   2.770827361   -9.455626215   0.9395229864    5.617187575  -0.9317021006   -2.273112893   0.7753796498 
   1.517930869   -7.524069452   0.8224700952    4.929808042   0.1766312295   -2.525305004   0.9504576865 
  -0.283607166   -9.265255609   0.7115174026    4.587344113   0.2988084284   -5.014669416   0.8639226885 
 -0.4460423917   -4.306294072   0.5120654791    3.728130939   0.2921749857   -6.281622339   0.1479882744 
  -1.279185591   -11.24590405   0.3011633986    5.371192655    0.627109464   -2.333909212   0.5465311964 
  0.1822005425   -5.331410604   0.6516156155    4.398418995   0.2804086582    -4.40911705   0.3654620639 
  0.9719639167   -6.394002402   0.4807859587    3.023612638  -0.3373637507   -7.770270964   0.4256182471 
 -0.8059888855   -6.802310674   0.1573704166    5.542966487   0.1006868726   -1.445250766   0.8910126348 
  0.3177574394   -2.831033511   0.1374964604    3.152292145  -0.5353903375   -5.927892845  0.02830901491 
  -1.644487929   -4.477934605   0.5643340348    5.740460208   0.7205885504   -2.720261223   0.8223677085 
   1.238831388    -5.64047426    0.972262104    5.931691281   0.0363051714   -2.080831534  0.03179520204 
   -1.06208673   -9.619627617    0.210594745    5.757041191  -0.2426810636   -1.590112561   0.2631558972 
  -2.440706017    -5.06167375   0.2625980601    5.253083873   0.8421443468   -3.391451842   0.8313862563 
  -2.062245391    -4.77283991   0.1044765887    3.167065473    0.806502568   -6.978639651   0.3250165552 
 -0.3520487788    -5.48562079   0.1935796315    3.255216627  -0.2332753176   -6.183236726   0.6123103919 
  0.0680617053   -5.807008089   0.2200880999    3.272246483 -0.05894046175   -5.315972864   0.5537127409 
    1.63798533   -1.543596701   0.8364197621    4.228952229  -0.5171799421   -4.799312313   0.3382656347 
  0.5782095041   -2.890450281   0.6882380159     5.29199699  -0.3743741746   -3.106453828     0.17335247 
  -0.972432928   -3.322433651   0.3176844214    3.977494603   0.3218614984   -5.100030169   0.1111968684 
 -0.2322468348   -5.936845022   0.2050004824     4.12481037 -0.08722867846   -3.578707568    0.695106142 
   1.005518718   -4.754008306   0.4033078298    3.116443347  -0.5605836981   -7.348693243   0.4531114626 
  0.6619224284   -10.85137624   0.4061748229    4.247977998  -0.5467497324   -3.660587371   0.8042471082 
 -0.9923858047   -8.145526168   0.6566472626     4.95362135   0.7936748571    -4.05375627   0.1083426667 
  -1.127751585   -7.832974617   0.1945595496    4.593770986   0.4712519467   -2.844259517  0.04078297773 
 -0.5307388075   -8.765227522 0.006640463608    3.009425072  -0.4796258606   -6.562287674     0.33443664 
  0.2882753467   -1.588044138   0.3056954287    4.767922017  -0.1391756301   -2.276146748  0.02245239042 
 -0.7503496797   -4.969377118   0.1852229217    4.655407822  -0.3130451825   -3.027229481    0.431755431 
  -1.684599768   -6.682732416   0.1131596493      4.9095438    0.416781746   -2.373989727   0.2045688984 
    0.36439539   -4.160273065   0.9807620988    5.934241248   0.5911943417   -2.304169933   0.7169985093 
  0.8350601283   -8.224614876    0.353690449    3.183374538  -0.1234310544    -5.68417436   0.9781238435 
   1.015138663    -7.49408274   0.8758388726    5.333795316  -0.3092635546   -3.413431582  0.04186544532 
 -0.5930479995   -10.63969598   0.2431872278    5.677420549  -0.4324513588   -1.778819015   0.8128063458 
  -2.327905757   -8.066327272   0.3393111977    5.517458677   0.5019595918   -3.781195676   0.4963509469 
  0.5154553492   -4.058213507   0.3124463894    4.131573521  -0.2798957416   -3.299227711   0.6967259292 
 -0.3317490308   -6.879661571   0.4186015179    3.820647127   0.1089394301   -5.361725805   0.6211818826 
 -0.3765533261   -8.608263142   0.1206312947    3.425545525  0.09604114706   -3.935275618   0.1022749349 
  -2.157727084   -6.974861547   0.2965669708    5.308165735   0.7144015816   -3.319528887  0.04236046196 
  0.1185587026   -9.401001788   0.9282421518    5.958119089    0.216131577   -1.816630119   0.2169725837 
   1.748837483   -8.691854685   0.9793266836    5.768076418 -0.08801897957    -2.51213356  0.09300111952 
  0.5681746213   -5.447042513   0.3572103944    3.797127282  -0.4252439986   -4.360389745   0.2965285576 
 -0.6792050948   -6.909946112  0.05522125106    3.329719069  -0.3913817565   -4.856305043   0.1556300492 
  0.7986910709   -3.515130468   0.8623874258    3.613186188   0.7752756904   -5.953936304    0.247834046 
  0.3036117955  -0.9650221055   0.6272964639    4.739077706  0.08584449559   -3.237259327   0.9144988333 
 -0.2503320672   -7.967767414    0.422017685    3.958727379    0.191684733   -4.653398117   0.4917969688 
 -0.5828922355    -7.51077002    0.765066498    5.624288779   0.6483528008   -2.795939479  0.04552624348 
  -1.508687765   -5.834145256    0.162619889    5.194470517    0.238865825   -2.522878162  0.03393542653 
  0.5571416036   -2.304810548   0.8867288697     3.64108965   0.2840950566   -7.252366795   0.9710738332 
 -0.4420565129   -4.221489702   0.3715814503     4.19094259   0.4462741672    -3.82335287   0.6285963707 
 -0.5215961977   -4.676865902   0.5204619907    4.925485378   0.2878825831    -3.59772297   0.2819298594 
 -0.8913896011   -2.465633428   0.4004602309    4.687258583   0.4028552715   -3.716527598   0.8658452886 
 -0.6455221586   -5.613131276   0.5925385267    5.436987783   0.3842996977   -2.935145011   0.2608711581 
 -0.8807906559   -6.778806051   0.2235468132    4.232944997   0.1597758483   -3.736289126   0.3668303613 
  0.1601249649   -5.872903433   0.9028560334    5.556641664   0.5343846563   -3.337405082   0.5118145045 
  -1.002934438    -1.19419163  0.06760489503    3.783588968  -0.3968871312   -4.120669281   0.3628641371 
   0.037354446   -6.584333147   0.2070092871    3.607283346   -0.370170795   -4.539599072   0.4782188929 
 -0.3124675667   -5.220641422   0.2358714929    4.445002615  -0.1162617247   -3.138790178  0.03773238118 
 -0.8340943429 -0.03135077873   0.2008095331     4.39541776  0.04049798774   -3.627307613   0.5225226332 
 -0.1045227401   -3.786521777   0.5949697992    4.901819236   0.2754600511   -3.379687681   0.6314941531 
 -0.5467048726   -1.971669963    0.330625709    4.876490723   0.1490521029   -2.750962179   0.6727951922 
-0.04723344543    -6.86773696   0.1495515541     3.87085528  -0.7754341479   -4.276595624   0.1577398608 
  0.2357469885    -5.88206036   0.3764822976    3.919730353  0.02712671363   -4.151602261   0.8417532055 
 -0.3712268113    -7.09264531   0.5093596089    5.097746075  0.08146268027   -3.282510195   0.8117710517 
   1.258550736   -2.976674324   0.9014888193    4.057366086  -0.3455576886   -6.288111912   0.4989965659 
 -0.9039547815   -11.63495006   0.1354298518    3.354386871   0.4109434397   -5.223016101   0.1493314825 
   1.083546677   -7.339618095   0.7320913453    4.887695977  -0.4691366674   -3.312372009   0.1706339273 
 -0.2180538253   -6.616793827   0.3549945195     4.31824288  -0.2299380167   -4.105442437   0.9974226425 
   -1.89566954    -2.34780201   0.2641759679    3.661967242   0.6991044074   -6.714361266   0.1304133435 
  0.4912998515   -5.276189143   0.9585861629    5.664333051   0.1419206274   -3.745296202   0.2573429711 
   2.384306001   -5.692710095    0.992945162    5.941431514   0.0173153828   -1.742238293  0.04446449513 
 -0.4851091864    -6.81066134   0.2918932062    4.991812782  0.05722430324   -2.492137576   0.2104168788 
  0.6905472026   -4.424139069   0.8499520394    4.143367742   0.5057392698   -5.139137371   0.2444660994 
-0.01594373584   -5.171734924   0.4671615027     5.51356722  -0.4575685525   -2.191998614   0.1675086622 
  -1.460250943   0.6896945084  0.03157719164    3.644728092  -0.3821960417   -4.175080702    0.223807492 
 0.05034070923   -5.481195504   0.2759107025    3.477128097   0.1731333699   -4.646157768   0.3067975431 
  0.4409617385   -3.563766459   0.9256005179    5.278409325   0.2707291952    -4.31035938   0.6351619138 
 -0.5599900352    -4.53917105   0.4541074374    5.610705592   0.2002466317   -2.018143062   0.7561932179 
  0.5902879091   -4.668724987   0.4133625536    3.444373471  -0.3611411345   -5.675857341   0.5669402984 
   1.936269024   -5.202778959    0.943028192    3.850755341  -0.6988366814   -7.116040154   0.2679374805 
   1.896403684   -2.643232065   0.8856583198    4.804796924  -0.8145138965   -4.183922756   0.2918967295 
  0.1079174405   -7.661598124   0.4481662082    4.037536567     0.23796898   -4.009241725   0.6478008528 
   1.093338309    -3.38317091   0.6601159128    3.558034029  0.07408414965   -4.914153192   0.4617692301 
  0.1915339238   -6.240507985    0.897499052    5.644196648 -0.01676437102   -3.517800772    0.506450552 
  -1.527886221   -5.573828803   0.1550714277    4.598722138   0.1709210247   -3.427077511   0.4035452389 
  -1.178098968   -4.032357993   0.8773043624    5.864732851   0.8823639392   -2.992927459  0.08515297209 
  0.7869776083   -8.787904784   0.9091172072    4.631892917   0.1187511353   -4.934417906   0.8109261819 
  -0.997966864   -6.179707748     0.12475535    4.553303963 -0.02360573509   -2.912646335  0.09006675003 
-0.001594614862   -7.806750887   0.4771305713    5.017385823  -0.4449354509    -3.30857356   0.9843120323 
  0.5864244488   -8.454602576   0.5595577001    3.855693478   -0.389089239   -5.397563108   0.5126654467 
  0.5359259116   -5.551458102   0.5530646444    4.827663909   -0.555113855   -3.272034641    0.930241673 
 -0.7172528952   -4.440759703   0.2175640791    4.697350315   0.2036355505   -2.499509897   0.8434956559 
 -0.3390178744   -3.714500598   0.3214348476    4.740387467 -0.07490941393   -3.208620825   0.3196822302 
  0.9797805833   -7.054057394   0.7243482648    5.166622071  -0.5415781132   -3.064843455  0.07413393387 
   0.651859542   -9.255462007   0.3321504425    4.290416235  -0.7470526028   -3.367753524   0.9790273196 
 -0.7231728582   -7.300474715    0.346436397    5.357283542    0.255846363   -2.218886845    0.764820151 
   1.576316804   -7.257875593   0.4624998222    3.073321148  -0.5888022809   -6.747992259   0.1728506571 
 -0.1189387074   -6.120914784    0.273565508    3.880772658  -0.1688786645   -4.542036212   0.1224010612 
 -0.1642464681   -2.652353618   0.2487675263    4.972007856  -0.1185526319   -2.133919108   0.8009158109 
   0.784814195    -5.30572392   0.9199250765    5.968894593   0.1307436638   -1.422782959   0.8479849701 
-0.05942192324   -5.679897698   0.8991401901    3.926303224   0.5377932996   -7.445389081   0.3736324277 
  0.4179944846   -5.524799926   0.2288244511    3.219009717   0.1896905545   -4.576526338   0.4114295316 
  0.9073849373   -2.058429137   0.4829525711    3.127046328 -0.03207824382   -7.081351727   0.5753284891 
 -0.9540369123   -7.765936297   0.3449499837    5.430277107  0.04621887541   -2.368532121  0.05054743467 
 -0.3467833811   -11.14226492   0.9104481707    5.817741961   0.7450303365   -2.604907925   0.7087053827 
  -1.647719904   -8.398255801  0.05233273978    3.215669127   0.5253812195   -5.938955581   0.1179140587 
  -1.021625265   -5.769838423   0.2593583171    3.709211684   0.7686213003   -4.742642025   0.7813513301 
   1.659425705   -3.194289777   0.5312188506    3.141080475 -0.01519700558   -6.076930115   0.1609432708 
 -0.6411518867   -6.142730302   0.4736828578    4.577560209   0.3907663594   -3.834026162   0.9158896859 
   1.279011106   -1.355022278   0.8302062824    5.343683971  -0.8215709547   -3.523697657   0.7893080039 
   1.260158247   -8.912922083   0.8112042442    3.815920158  0.07961479218   -5.242230134   0.3067876651 
  -0.031109691   -7.547211858   0.7048653061     5.50087862  0.06420911488   -2.674777426   0.4496062097 
   1.414689346   -5.230490358   0.8178308677    5.203244587  -0.5800604175   -3.152176758   0.9839539288 
 -0.5478706795    -13.1936324   0.1750648058    3.123611886   0.3494008129   -6.667814566   0.3447202123 
  -1.047176646   -3.659213161   0.1268381517    5.686742493  -0.2023175529   -1.478382253   0.8719442129 
 -0.1684812441   -5.363855698   0.7033916419    5.080390054   0.1779568976   -3.911091748   0.8015029331 
  -1.099983218   -5.416140567   0.2790346717    5.028320072   0.3384455913    -2.96686848   0.3583670154 
  -2.206035209   -4.273307097  0.03461127701    4.276030474   0.4678535202   -2.919565268   0.1702612153 
 -0.2896895109   -5.143023455   0.3113894458    3.670091288 -0.06437286081   -5.645620475   0.5352062453 
  0.2039797711   -2.705059909   0.7303858864    4.715517131  -0.3942889185   -5.112203645   0.2617087511 
  -1.228187196   -4.790018133   0.0363929633    4.075435327  -0.2173256459   -2.818794979    0.825762355 
   3.089649172   -7.534234922   0.9986267816    5.952332782  -0.6497486512   -1.998115399   0.1738549375 
 -0.4932717676   -3.590397619    0.187225276    4.259993508  -0.4850770089   -3.973972634   0.5608367471 
 -0.9345413509   -9.711211487  0.06245531603    4.262813348  0.05823585704    -2.38969332   0.7567450356 
 -0.5725163321   -4.619078202   0.1700584583    4.581209954  -0.1300135561   -2.768976486    0.891365982 
  0.8676820748   -5.714463417   0.7929307999    4.463838972   0.3039170418   -4.027421376   0.4034981382 
 -0.6238507413   -2.544553583   0.4713319309    4.957940554   0.1978255968   -3.377444876   0.9382604814 
 -0.2948295864    -10.4200944   0.1680180577    3.587253953  -0.4214343589   -4.841033386   0.4071461043 
    2.10389312   -9.015101719   0.9078363506    5.791760363  -0.6132625415   -1.641522091   0.3036800663 
  -1.316107643   -3.763102964   0.4367629654    4.069147722   0.9053330712   -4.866209111   0.4134887436 
  0.8264282419   -4.805138317   0.9370547067     5.89220087  -0.3776869938   -2.581912588   0.4309151961 
  0.7256840287   -3.745602538   0.8240436927    5.632043692  -0.1727023016    -2.57577025   0.7181273464 
   1.287749731   -1.662085443   0.8716739921    4.523685034  -0.7695734495   -5.814467494   0.7991883809 
  -1.336449094   -4.853442918   0.3928225892    4.117337701   0.6254936451   -5.581251005   0.8426945158 
  0.1671242969   -1.482682444   0.7520945453    5.502846755    0.170264239   -2.430975684   0.9622490826 
   1.049835211   -5.510015191   0.6129944667    4.092716058  -0.2491526164   -3.792917842   0.4405653398 
 -0.4618196351   -7.391425658   0.2198516755    3.393962888   0.2513701496   -5.235878945   0.4595624587 
  0.7533669774   -7.178391062   0.4351710544    5.176129231  -0.5045554064   -2.068125704    0.133039366 
 -0.3322676275   -6.984787085   0.2774350841    3.250225247   0.1042374047   -6.220102151   0.3748851395 
  -1.609754645   -5.534724346   0.2546583878    5.781760484   0.1650545627   -1.985791115   0.3122283202 
  -0.143339903   -5.017808622   0.4084443649    4.496282589  -0.1258911176   -3.812532588    0.461317703 
 -0.7616789792   -3.805959452   0.2664283377    3.524842929   0.3686115769   -5.651176638   0.3391642279 
  0.8339193163   -3.699485537    0.888463034    5.335303734 -0.09545316503   -3.581769163   0.6057734927 
-0.07258358256    -9.18087588   0.6425144287    4.002349849   0.1056991624   -5.823020911   0.8503745901 
  0.4879684981   -1.748569327   0.9714238395    5.403112758   0.3196619648   -4.784499714   0.5415043476 
 -0.6595567874   -3.541085581   0.2511184197    5.132383702   0.3122904361   -2.054372399   0.3425741523 
  -0.128922797   -2.597867538   0.4921409161    5.726629764  0.01400761891   -1.788088212   0.7336103475 
  0.4257047946   -7.821065379   0.6528925005    5.361392348  -0.1656064805   -2.687934065   0.8581570871 
  -0.172805704   -7.246860361   0.6362872477    5.410998449  -0.2655863924   -3.395240397    0.891755337 
 -0.3573833102   -4.612740565   0.5872212831    5.368877673   0.2971644245   -2.786833092   0.4319802838 
 -0.4698119654   0.3907036684   0.5345755429    5.833777092   0.3935799287   -1.511217558   0.9715916187 
 -0.1823289672   -5.566118767   0.4107757939    5.474545888  -0.4278378112   -2.456671666   0.9364938225 
   1.209243338   -4.347176203   0.9550878008    4.641249764  -0.2688361447   -5.902783148   0.9324266295 
 -0.1496062797   -5.496440057   0.2809969576    3.761001902 -0.008725080628   -4.349556149   0.1954637819 
  -1.188909277   -6.489604601  0.07970843155    3.900350833  0.01938658241   -3.629551859   0.8631901503 
  0.2583208001   -8.421646466   0.4406399543    4.017377468   -0.525054717   -5.028314756   0.3449822861 
   1.457415916    -9.13609598   0.8603596579    4.725463085  -0.3486974428   -3.867207178   0.4470317592 
  0.6283606102   -3.798188599   0.4592706792    5.222861789  -0.1070225218   -1.959638369  0.03034178174 
 -0.3091886526   -4.083291933   0.7130782512     4.32450199    0.916923328   -4.265317752   0.1123961975 
  0.3272357581   -4.724756545   0.2822553902    4.755568543 -0.07072821437   -2.163256424   0.4297900693 
  0.1306456681    -4.25621101   0.9755400534    5.850791087   0.5406182675   -3.419777545   0.6241077999 
-0.08739520186   -7.758661658  0.09548764987    3.132667762  -0.6775058987   -6.194140076   0.1490272262 
 -0.7950355993   -5.164226041   0.2408799772    3.352541714   0.3254862185   -6.150387776  0.03424472883 
  -2.263747057   -4.335397923   0.0330968801    4.250316189   0.6924742519   -2.744057898   0.8271518383 
 -0.5818565073   -5.823706598    0.438297657    5.093847623   0.2932413876   -2.817592239   0.6024506267 
 -0.8119963668   -4.501776761  0.04079366432    4.208535915 -0.03995217924   -2.095220696   0.5219169293 
   1.152196304   -8.666250778   0.5404682342    3.169831807  -0.4741922777   -7.031999541    0.678844184 
  -2.576421796   -8.809779436 0.004429567202    4.066348934   0.4540236093   -2.660717572   0.7014209729 
    1.21701602   -8.018259507   0.8921364626    5.391228333  -0.1907975424   -2.923790635   0.3748346559 
-0.09702819576   -6.349893782   0.5797392271    4.011885529   0.2779208151   -5.281665663   0.5117269981 
  0.9086709947   -8.626297547   0.7468173073    5.146915316  -0.7923082669   -3.774731458   0.1444182396 
  0.9939561372    -6.62471368   0.8028048602    4.223488083  -0.5292280233   -5.769098753   0.1633623129 
  -1.283411299   -11.75003839   0.5267740201     5.97919076   0.5195246528   -1.167641618   0.8653219209 
 -0.7544114098   -3.093850172   0.3424281074    5.450144449 0.009779828132   -2.316257771   0.1053768387 
  -2.133634585   -5.002676697   0.5511203366    5.570275092    0.975383628   -3.036027244    0.538031706 
  0.4837293352    -8.06937864   0.8832623226    4.098122003   0.5858578591   -5.799694443   0.7597144336 
   0.114820212   -7.411385146   0.6808384186     4.56004454   0.1628617098   -4.253750606   0.6017409021 
  -1.122662523   -8.258166983  0.09888180396    3.111503348   0.1663469717   -6.921119214    0.267536766 
 -0.6904095575   -5.115851712  0.09270003721    3.589146759  -0.2114992481   -3.995949556   0.0560254024 
  0.1351693827   -6.287020612   0.8570819527    5.484014307   0.6135208672   -2.957498914   0.6967813569 
 -0.6041808056   -4.905916969  0.07772764453    4.672358832 -0.03751108582   -1.761325799   0.4091225061 
  0.4052312181   -8.565852113     0.65925948    5.026587596  -0.3526372168   -3.406450183   0.5719913488 
 -0.1327599304   -4.089999737   0.7543122013     5.29527978 -0.00159546789   -3.963738531   0.6799299807 
  0.2192638137   -1.923108962   0.3940028183    3.528362133 -0.09216578353   -5.550578609   0.7642466837 
 0.09414493719   -4.985558954   0.4575002818    4.200271699 -0.09331347989   -4.413071212   0.5215626729 
  -0.415415772   -3.364759693   0.1172608471    3.725152868  0.06657909119   -3.473497997   0.6615612539 
 -0.8715802189   -9.085041993   0.3247595123    3.492811104   0.4806623149   -5.872135577   0.6325095999 
  0.1221099772   -13.62926623   0.3965215371    4.084204764  0.02921453538   -3.707962653   0.9448836291 
  0.5362440766   -4.900057824   0.2575356614    5.102347885  -0.8968144477   -2.287399941   0.4997936122 
  -1.165522381   -6.090668232   0.3029706868    5.053978617   0.3589714735   -3.175869172   0.6674048939 
   1.829779824   -9.296420919   0.9680258705    4.718305856  -0.7375639663   -6.052441304   0.3568263411 
 -0.6076856671   -8.738429676   0.3674351055    5.470329885  -0.6833807118   -2.937161436   0.4450383769 
 -0.1797079374    -5.95889756   0.7518148326    4.662236128   0.5286741415   -4.460603313   0.4097007905 
  -1.705566577   -8.277830563   0.1100415156    4.054939041   0.7898362495   -3.440624716   0.3525906339 
    1.33858891   -6.704007576   0.9472214019    4.490737722   0.3780223432   -4.711886594   0.3115100677 
    1.22913055   -6.364907544    0.635805658    3.767391042  -0.2894650351   -4.668525461    0.576113494 
 -0.4223882243   -5.342442242   0.6056836018    3.683685346   0.2606388933   -6.780293542  0.08788178037 
  0.2133258922   -8.989173844   0.4980801017    4.747226367 -0.04773905093    -3.23882423  0.01772799884 
  0.2081773571   -3.991417453   0.9633949288    5.751598293   0.1255001772   -3.920018003   0.4908741126 
  0.2918161022   -4.559732274     0.87211781    5.051319866    0.364930639   -4.242115015   0.1213760518 
  -1.266826199   -3.249430158   0.1798324034    4.138335065    0.568000633   -3.905755105   0.9568206364 
   1.420788396   -3.599914136   0.6833777011    3.738849242  -0.5076854394   -4.975963529   0.3426020623 
  0.8951785811   -10.54760025   0.5827660433    3.686731999  -0.6578719626    -6.00352053   0.1591185254 
 -0.7660097192   -5.038084159   0.2988550678    3.747377049   0.6160671184   -4.698185541   0.6672885179 
  0.3262602998   -2.793880719   0.6705758482    3.999670516  -0.1194592374   -5.971571551   0.7624179306 
  0.8717462153   -4.364514602   0.3280788298     3.28809545  -0.1966138481    -4.96825146   0.9934870565 
   1.357999603   -10.56963048   0.7859624388    4.906432837  -0.2709225623   -3.256833171   0.1689528996 
  0.8538277087   -5.651439532   0.6380246036    3.237153222   0.3578484771   -6.067224723   0.6535162086 
 -0.6338598176   -7.730777373   0.1032049223    3.398362296    0.193097583   -4.129740197   0.3174640427 
  -1.706801538   -7.001358091  0.01545015913    3.341365263   0.4375979403   -3.189809367   0.7726260237 
  -1.757412976   -10.27786186   0.3756905989    5.524181865   0.6074193759   -2.732390835   0.7597394755 
  0.4472738281   -3.892811863   0.3148563477    4.182695401  -0.3033349987   -3.085687341   0.4479433579 
 -0.6870102777   -4.842518936   0.4247000912    4.606625224    0.229875264   -3.957853236   0.6464819469 
 -0.4621309475   -7.685682781  0.04457830146    3.027960969   0.1167635704   -6.234009227   0.4162934634 
 -0.2241616587   -9.917461095    0.567109658    5.149969088  -0.2278920294   -3.756319569  0.09466968254 
  0.4004377569    -7.99537126   0.6928369737    4.153632583 -0.04321087587   -5.487220823   0.5011034601 
  -2.022243485   -5.995099493  0.04775103095    3.453988919   0.8481545014   -4.114611637   0.9769017924 
   1.803669108   -3.417670427   0.9943831611    5.993414887  -0.2911388886   -1.616515475   0.4433608547 
  0.7169362222   -5.393218887   0.8213354002    5.984228233  -0.3550727979   -1.134108928   0.7469373553 
 -0.5571227291   -4.206520972   0.5686139621    4.198011974   0.1569016938    -5.88380254   0.1915296597 
   1.076634568   -7.318894059   0.7955870074    4.985586894  -0.1339533258   -3.352355951   0.2173552279 
  -1.154325411   -6.606281221   0.3812741522    5.646380924  0.07051912638   -2.352944243   0.7007759783 
  -1.975585744    -6.42104429 0.0004834923348    3.014852194   0.5576090144    -5.12095713    0.262970292 
  -1.564102273   -4.576881134  0.01981150833    3.004281407  0.09250922405   -7.483068254   0.2677762498 
  0.3872454997   -6.581232793   0.6414417565    4.367132461    -0.46228598   -4.918301393   0.1204942241 
 -0.4106943883   -6.170437069   0.1721283206     4.94218407  -0.3308840869   -2.181333197   0.4152136172 
   1.129161233   -3.944029766   0.9911841224    5.920242884  -0.1573926864    -3.26403375   0.3398019585 
 -0.8270065262   -2.205282089   0.1466235055    3.605338031  -0.2208727281   -5.417521635  0.06316758607 
  -1.474412767   -7.429680243  0.02270174401    3.204909425  0.04444936251   -4.755788576   0.6495088575 
  0.0164516879   -6.568336909   0.8794793473    4.331234914   0.6477483683   -6.138417037   0.7948852837 
 -0.9819108545  0.02924089292   0.1003255648    3.578475247   0.2277599276    -4.21795979   0.1711073436 
