%eval_id interface             x1             x2              f 
1        NO_ID    1.040428725   0.9481639439 9.891374515e-06 
2        NO_ID    1.067546302   0.9390941226 3.457701524e-05 
3        NO_ID    1.012198763     0.99543788 2.257753865e-08 
4        NO_ID    1.083044014    1.066200187 6.676506561e-05 
5        NO_ID    1.027926598    1.035210734 2.145329589e-06 
6        NO_ID    0.909892033    1.088786101 0.0001280666425 
7        NO_ID   0.9851094784   0.9760936511 3.757908464e-07 
8        NO_ID   0.9445616621    1.046503946 1.412275707e-05 
9        NO_ID   0.9225834917   0.9199314846 7.702033384e-05 
10       NO_ID   0.9614875322    1.004884602 2.200481701e-06 
